13.0000
13.0109
13.0097
12.9844
12.9582
12.9478
12.9464
12.9431
12.9412
12.9109
12.8987
12.8813
12.8856
12.8724
12.8591
12.8450
12.8517
12.8624
12.8621
12.8845
12.8744
12.8971
12.9303
12.9340
12.9286
12.9175
12.8877
12.9067
12.9208
12.8635
12.8497
12.8334
12.8690
12.8688
12.8440
12.8354
12.8567
12.8292
12.8121
12.8124
12.8279
12.8046
12.7971
12.8121
12.8060
12.8094
12.8125
12.7788
12.7647
12.7551
12.7037
12.7001
12.6917
12.7200
12.7094
12.7158
12.7318
12.7412
12.7476
12.7559
12.7450
12.7100
12.7110
12.7115
12.7014
12.7216
12.7029
12.7049
12.6863
12.6480
12.6377
12.6120
12.6272
12.6107
12.6193
12.6418
12.6491
12.6555
12.6437
12.6544
12.6427
12.6393
12.6185
12.5991
12.5598
12.5367
12.5555
12.5599
12.5524
12.5414
12.5734
12.5383
12.5386
12.5312
12.5471
12.5181
12.5088
12.5265
12.5151
12.5081
12.5311
12.4988
12.5143
12.4955
12.5122
12.4928
12.5428
12.5449
12.5319
12.5246
12.5240
12.5160
12.5013
12.5020
12.4892
12.4564
12.4436
12.4493
12.4682
12.4666
12.4615
12.4659
12.5054
12.5158
12.4653
12.4635
12.4778
12.4808
12.4589
12.4315
12.4270
12.4178
12.3750
12.3783
12.3900
12.3942
12.4410
12.4451
12.4482
12.4708
12.4708
12.4947
12.4648
12.4743
12.4598